0 0.6782062686585004 0.0421329310631222 0.23421246268299925 0.0842658621262444
0 0.3816943479869551 0.08599520589239537 0.2349760786919079 0.17199041178479074
0 0.09489432932845478 0.1579545974713914 0.18978865865690955 0.1965908050572172
0 0.731719977959911 0.24820154688999443 0.22405676002545327 0.20171839605020364
0 0.4356256806174568 0.3343135317737161 0.22563744135899882 0.20338102559985288
0 0.13400808927436633 0.42546347008121044 0.22563744135899882 0.2033810255998528
0 0.7965797199236399 0.511033411480249 0.23339539735836254 0.19919417334809958
0 0.4980962192473221 0.6012018406884446 0.24124426002545346 0.20281982109634616
0 0.20045760323841347 0.6858514551218157 0.23499426002545337 0.20241930289774893
0 0.8496934398870506 0.7769599976928734 0.22563744135899882 0.203381025599853
0 0.5512372112110511 0.8647846769010691 0.2256010786919081 0.2002560255998528