0 0.3129820589147285 0.07485421364440427 0.21778588217054295 0.13734219028743927
0 0.5833853940476187 0.11794395025006213 0.21988860271317884 0.1701546902874393
0 0.8604497393595418 0.17922975738883337 0.21197597316352948 0.16836486975432585
0 0.25612557989110296 0.30253293276559184 0.209051232262828 0.17139894154108043
0 0.5238649899778507 0.3627647052646271 0.21227636181247736 0.17305236975432586
0 0.7976541409652997 0.4263033341901529 0.21237649136212672 0.17461486975432586
0 0.1872301758213349 0.5470809031404207 0.2197884731635294 0.16859219028743927
0 0.457113076808784 0.6105058717993899 0.226238732262828 0.17189904671392994
0 0.7265151164451811 0.6692206084050477 0.219988732262828 0.17171719028743943
0 0.12755957742709284 0.7942454081549857 0.21227636181247736 0.17305236975432586
0 0.3983739227390159 0.8553493588672663 0.210613732262828 0.17144440564770314