2 0.7780664512679394 0.6144499293325291 0.09405097241038014 0.129585680687266
2 0.6481023123037872 0.6711237324756038 0.08410276232447185 0.11815685775648746
2 0.5790435323393183 0.39816094527504553 0.06823874491161738 0.08304487336031982
2 0.23843514247065506 0.4900263772055071 0.09068031094499088 0.12473440637700647
2 0.2343042424252265 0.4053205065587207 0.05524742198083885 0.07301477611928178
1 0.04417388738227237 0.42073854590698556 0.06913950361804462 0.10023237336031983
1 0.1761641938047075 0.4146003312985215 0.07267393939369335 0.10820864767057933
1 0.23703533751855793 0.6653981914298583 0.09536781094499087 0.12498006784239593
1 0.5060243549314125 0.6170204879026707 0.09240658525525039 0.1279412935321364
1 0.5622035131174414 0.4816285425160835 0.07218261646291495 0.09883364767057934
1 0.7181093543655857 0.40567579489093275 0.08393898801421233 0.11503185775648764
1 0.6508775887617533 0.39517538613907693 0.056728034825709095 0.07153416327441153
1 0.4169153465636695 0.4144487658309749 0.06995837516934209 0.11585737336031983
1 0.5005533621675017 0.4240893594539682 0.0615726650834338 0.10451043758467105
1 0.3366889360027914 0.3991756478977219 0.06239818068726608 0.0905298247398008
1 0.1202583525565633 0.48531230099536826 0.09216092378986111 0.12325379353213642