2 0.81171875 0.61171875 0.0765625 0.1125
2 0.69609375 0.6640625 0.0671875 0.10234375
2 0.60390625 0.4109375 0.05625 0.07109375
2 0.29453125 0.496875 0.0734375 0.10859375
2 0.2828125 0.4171875 0.04453125 0.06328125
1 0.10703125 0.43125 0.0546875 0.0875
1 0.228125 0.42578125 0.0578125 0.09453125
1 0.31015625 0.65859375 0.07734375 0.10859375
1 0.5578125 0.6140625 0.075 0.1109375
1 0.59609375 0.48828125 0.0578125 0.0859375
1 0.734375 0.4171875 0.0671875 0.10078125
1 0.6703125 0.40859375 0.046875 0.06171875
1 0.45390625 0.42578125 0.05390625 0.10234375
1 0.5328125 0.434375 0.04765625 0.09296875
1 0.37734375 0.4125 0.05 0.078125
1 0.18359375 0.4921875 0.075 0.10625