2 0.8696307423096254 0.6042932557124379 0.10367163387576923 0.1358955320782579
2 0.7405098083429991 0.6533291378829809 0.09216092378986111 0.12425712523071261
2 0.6608035396869492 0.37389076419342765 0.0746525192218769 0.08731832973421945
2 0.3204961222286661 0.4466504503414536 0.0988203595655099 0.13247014342931002
2 0.3136485786965297 0.3608631446659276 0.06009869629109836 0.07704216378737554
1 0.12257319934331608 0.36448519972314475 0.07563516508343389 0.10606832973421945
1 0.25435546585165947 0.3662305675526018 0.07916960085908258 0.11408108883351815
1 0.32506187075832804 0.6235133389904016 0.1035078595655099 0.1327705320782579
1 0.5953367492070305 0.5905158621262444 0.1021091338757694 0.13579540252860872
1 0.647133865331261 0.45707350401439484 0.07859639077317446 0.10314358883351815
1 0.8011352905914603 0.3891979842746381 0.09207903663473153 0.1226946252307127
1 0.7322248383074681 0.37558486968438354 0.06166119629109836 0.07714229333702498
1 0.49805787822155984 0.37961673735695706 0.07801653663473136 0.1217934592838688
1 0.5819349112382467 0.39462237122554306 0.06963082654882306 0.11035531153562221
1 0.41636082089461357 0.36133590916389713 0.06881195499752568 0.09473031153562221
1 0.20072253278954416 0.434729046114802 0.10021908525525039 0.12944527297895939