2 0.175 0.0390625 0.04453125 0.078125
2 0.22109375 0.053125 0.04765625 0.1046875
2 0.28515625 0.04609375 0.03984375 0.08671875
2 0.359375 0.02421875 0.0453125 0.0484375
2 0.44609375 0.034375 0.0390625 0.06875
2 0.35 0.10859375 0.0453125 0.09921875
2 0.27421875 0.19921875 0.05625 0.1109375
2 0.1875 0.19375 0.04296875 0.096875
2 0.12265625 0.12578125 0.04921875 0.09765625
2 0.09296875 0.178125 0.046875 0.096875
2 0.15234375 0.24609375 0.04921875 0.10390625
2 0.184375 0.35390625 0.05078125 0.11484375
2 0.29453125 0.37421875 0.05703125 0.12109375
2 0.3234375 0.31328125 0.04375 0.10625
2 0.38046875 0.20546875 0.0578125 0.11484375
2 0.3859375 0.425 0.07109375 0.14921875
2 0.446875 0.24921875 0.0484375 0.11328125
2 0.45 0.3671875 0.0453125 0.11953125
2 0.44453125 0.1203125 0.0484375 0.10625
2 0.0125 0.1296875 0.025 0.09296875
2 0.04765625 0.296875 0.059375 0.12734375
2 0.0375 0.46328125 0.05625 0.11328125
2 0.14375 0.55859375 0.06015625 0.13203125
2 0.2515625 0.578125 0.07265625 0.15
2 0.0890625 0.80234375 0.06875 0.15078125
2 0.221875 0.82734375 0.06640625 0.153125
2 0.340625 0.753125 0.071875 0.15390625
2 0.46953125 0.56171875 0.065625 0.15390625
2 0.46796875 0.7890625 0.07109375 0.17109375
2 0.63984375 0.734375 0.0640625 0.159375
2 0.62109375 0.58125 0.06484375 0.13203125
2 0.51484375 0.45546875 0.05234375 0.13671875
2 0.5296875 0.225 0.04375 0.10703125
2 0.56875 0.1109375 0.04609375 0.1015625
2 0.5875 0.321875 0.05234375 0.11640625
2 0.6109375 0.221875 0.053125 0.0953125
2 0.484375 0.0578125 0.04140625 0.0984375
2 0.6015625 0.08125 0.03515625 0.08984375
2 0.67890625 0.07421875 0.04296875 0.0953125
2 0.6609375 0.1859375 0.04296875 0.1015625
2 0.69921875 0.24765625 0.0515625 0.11484375
2 0.678125 0.43046875 0.0625 0.1453125
1 0.80078125 0.08125 0.04921875 0.1125
2 0.85 0.096875 0.046875 0.0953125
2 0.90546875 0.10546875 0.04921875 0.10625
2 0.965625 0.0734375 0.0453125 0.09609375
2 0.9828125 0.1359375 0.034375 0.1046875
2 0.91640625 0.20234375 0.05703125 0.125
2 0.87578125 0.37109375 0.0625 0.134375
2 0.81640625 0.25703125 0.05625 0.11796875
2 0.7703125 0.1921875 0.046875 0.10546875
2 0.74453125 0.3265625 0.05546875 0.13515625
2 0.803125 0.453125 0.05859375 0.0875
2 0.809375 0.56484375 0.07890625 0.165625
2 0.9078125 0.7296875 0.08046875 0.1703125
2 0.78828125 0.8984375 0.07265625 0.175
2 0.98203125 0.5234375 0.0359375 0.1390625