1 0.7721615900701357 0.31710881205336616 0.08094721622369913 0.11761474687674207
1 0.7114942003414536 0.3003434928697213 0.07692105027685514 0.10353406615858277
1 0.6428851002491686 0.33433215260883753 0.08114747532299767 0.12073974687674198
1 0.5906321853820589 0.3691975111182898 0.07585919802510173 0.11133747579950323
1 0.5419839343023247 0.34781286962774194 0.08613536397194572 0.1254545179539809
1 0.4809463047526753 0.3490208456236369 0.0855345866740496 0.1160795179539809
1 0.4020097763750453 0.3368384873105764 0.0911232526208936 0.13016928903121974
1 0.34540002853451357 0.3787123699223296 0.0803464389258032 0.10823974687674207
1 0.2916439728589876 0.37605500253408275 0.0826098457733484 0.11918633723582168
1 0.23273004781284504 0.39290615924813693 0.07243380937615385 0.10663179508134393
1 0.15754028069398193 0.4198226623713949 0.0785836798265045 0.10510565651766246
1 0.09273730105204755 0.45539654800821017 0.09208497532299773 0.12080337939029935
2 0.4451008374492421 0.4449418788011242 0.08064682757475125 0.11292724687674198
2 0.5119100007751923 0.560998670857406 0.08104734577334831 0.11917724687674199