1 0.7619270755942757 0.3178627909761273 0.08469347758022465 0.11918633723582168
1 0.7005749874129865 0.3034366766129426 0.08029302000387943 0.10354315651766247
1 0.6321439807450268 0.3374298815315987 0.08494856909549373 0.12231133723582169
1 0.5799279054406151 0.37386228522059073 0.07936824879205204 0.11134656615858277
1 0.5315860002898641 0.353258893730043 0.08989116061076281 0.12546360831306042
1 0.47045718165341227 0.3552481197259379 0.08912588606495557 0.11608860831306042
1 0.3908174790780367 0.34462371623333754 0.09508884364130096 0.13174087939029935
1 0.3341211978642698 0.3880646440246306 0.08380065727678296 0.10824883723582168
1 0.28112374362190434 0.38619307181592355 0.08625597758022466 0.11919542759490129
1 0.22184446740910718 0.40382547852997774 0.07586061151914833 0.10664088544042372
1 0.1468923937716855 0.43152777683277554 0.08211061151914842 0.10667724687674215
1 0.08133129558845667 0.46866416246959075 0.09588606909549377 0.12237496974937905
2 0.43436057180125387 0.4527407432625047 0.0841832945496865 0.11293633723582168
2 0.50089475437275 0.5664628756778661 0.08625597758022466 0.1191954275949012