2 0.15591248530067892 0.031012558288037995 0.05187676051544958 0.06202511657607599
2 0.20660852611928182 0.04301820847219654 0.05803822930778511 0.08603641694439308
2 0.27486720318850333 0.03146620834614576 0.047762470601357875 0.06293241669229152
2 0.35328545228399216 0.005742447576433256 0.05171963025772479 0.011484895152866511
2 0.44756771879233553 0.012874927462004037 0.04505355042954129 0.025749854924008074
2 0.3481276407731744 0.07445478871624917 0.05721271370395291 0.11141810124083726
2 0.2736809187014785 0.18002708154299768 0.06880531094499087 0.1246829257464694
2 0.17968525723608925 0.18189522016270177 0.05400582654882315 0.1096370799535138
2 0.10404344810012064 0.11504620977114155 0.06025582654882311 0.11007412252816073
2 0.07660452283992146 0.1749892923225454 0.05869332654882313 0.10996486188449897
2 0.14595538839832517 0.24149409528875249 0.06058337516934213 0.11632412252816078
2 0.1887337878779268 0.3545514701627018 0.06280097241038014 0.1289333831718224
2 0.3085892644721785 0.3673414112444099 0.07094102103089917 0.1357296863901311
2 0.3355368668015991 0.2980233286930061 0.0544971494796016 0.11901207995351379
2 0.3887703301668678 0.17668392423386012 0.07061347241038014 0.12947968639013113
2 0.4112915405914602 0.4119112300500588 0.08820376413349429 0.16807229282674854
2 0.4638422512431954 0.21769705430358943 0.06115658525525038 0.12726162252816078
2 0.47520355438627015 0.34471302237260426 0.05679663387576941 0.13318384059717553
2 0.45108554443664756 0.07901696655640551 0.0607471494796016 0.11944912252816073
2 0.04343457598299624 0.3051191887359196 0.06197545680654791 0.14288662252816078
2 0.047423792400482584 0.4859703509887357 0.05013719810012064 0.12493429802252862
2 0.1605180139063516 0.5792126165760759 0.07628361827193716 0.14855746832111622
2 0.27798879692303835 0.5913851986232768 0.08984815128862396 0.16974405347041036
2 0.12045069312327965 0.8470446087824058 0.08516065128862396 0.1694162715394249
2 0.2639074440277908 0.861320640209188 0.08368003844375363 0.1708695108957631
2 0.3877743119610437 0.7711112674289257 0.09001192559888346 0.17286905347041018
2 0.511916739596092 0.5515039717521857 0.08219942559888338 0.17232275025210164
2 0.5263355229514631 0.7967072111085238 0.08943207146044045 0.19150979282674854
2 0.707475980323838 0.7220957051564392 0.08096447421940241 0.17846348960843983
2 0.6753993854576491 0.5588908648113652 0.07940861827193721 0.14877598960843982
2 0.5519508401164904 0.43265578276416444 0.06715427973732631 0.15258940445914587
2 0.5506904760284248 0.1841800779367014 0.05457903663473136 0.1205745799535138
2 0.5840241971956095 0.05722336607187291 0.057376488014212336 0.11444673214374582
2 0.6209797218445533 0.28355201122473944 0.06600785956550989 0.13071440445914587
2 0.6386851209854706 0.1725381015698134 0.06477955223856355 0.10727690445914595
2 0.48999755823145746 0.031431044416232345 0.05187011646291495 0.06286208883246469
2 0.6166795669378847 0.03627172770427035 0.04422139077317429 0.0725434554085407
2 0.699863881162236 0.030778521451811536 0.05384205223856355 0.06155704290362307
2 0.6889407485296619 0.12903412000714526 0.054251488014212514 0.11432457995351379
2 0.7353897026226763 0.19243570230644755 0.06436347241038014 0.1290426438154842
2 0.72699842774659 0.3914030800303884 0.07858310266810484 0.162729228964778
1 0.83140048620519 0.0337207100616804 0.06107469810012063 0.0674414201233608
2 0.8868249706013579 0.03451570863668461 0.058611439393693135 0.06903141727336921
2 0.9466912935321364 0.03988894656802707 0.0607471494796016 0.07977789313605414
2 0.988598832541717 0.01652803821204607 0.017822665083433976 0.03305607642409214
2 0.9649123490500603 0.12303086640084904 0.07017530189987937 0.14041718639013112
2 0.9351960300760107 0.30941076281422325 0.07800989258219673 0.15179172896477802
2 0.8623616383983252 0.19139809016984702 0.06921474672063965 0.1324954257464694
2 0.8071961035726162 0.12625369141068427 0.0591846494796016 0.11933986188449901
2 0.789811608999683 0.27331436170927204 0.07019739258219673 0.1512454257464695
2 0.8624789043408416 0.4031004146754791 0.07062011646291495 0.09990144703379293
2 0.8774189088633975 0.5235932311353396 0.09691702283992143 0.18580609604505724
2 0.9729107140426372 0.691780866400849 0.05417857191472564 0.19216535668871906
2 0.8787412279489887 0.8630217178937878 0.0890292797373263 0.15411905347041036