2 0.6517618685411112 0.040183469317882484 0.07460126291777769 0.05170927678548617
2 0.5876811847455208 0.03947364807947966 0.062137630508958354 0.052980836056041716
2 0.5105738240881944 0.027517202316042093 0.05697735182361115 0.032559233282500044
2 0.4280516116072569 0.046701653779062866 0.05639677678548623 0.07471036569131949
2 0.5394969514630208 0.09463262034406296 0.07282186379145834 0.10944904160312505
2 0.6347717774510763 0.16563741099725748 0.08564917211208342 0.12380248233256955
2 0.7190201440923263 0.1394580771254173 0.06962412860909736 0.10625130642076393
2 0.7653334060601736 0.06393205347406314 0.07558318787965276 0.09389677678548618
2 0.8074475176674305 0.10165091223152847 0.07434799620027768 0.10792290919430565
2 0.7649314029260416 0.18195535486083397 0.07761846656500015 0.11424564437666676
2 0.7607504363610413 0.29441898726965343 0.08259690729444458 0.12685474715020834
2 0.6564798572388539 0.34123747625173667 0.09059124525034737 0.1348490851061112
2 0.6139481715434025 0.28787543369868107 0.07296733415618065 0.11569904160312508
2 0.5332268080362846 0.19610420136611156 0.08888327488562524 0.12856271751493065
2 0.579788764248958 0.4121480818750699 0.1116310970739585 0.16657186379145852
2 0.47792040577583317 0.25500576947038234 0.07939917211208343 0.12365701196784729
2 0.5041354540284719 0.37130356990722263 0.07798214247680572 0.1298706443766667
2 0.4495979968658679 0.12849716764677122 0.0776912017473613 0.11737064437666671
2 0.8734732143807985 0.05237891726552156 0.049928571238402955 0.06518989532659727
2 0.8808285066495138 0.20653974040378548 0.09386171561506984 0.14117182028847228
2 0.929462762349097 0.36713305470833413 0.08724803970326392 0.12540134992375007
2 0.8477562078281942 0.48560899135371594 0.09709581838861112 0.14593205547083343
2 0.7474282462971871 0.5309558993137506 0.11319359707395833 0.166608231382639
2 0.944935759880555 0.7098660685760425 0.08197996466513899 0.16744337955902786
2 0.8357412914156939 0.766731704784584 0.10854246466513899 0.16806162860909737
2 0.7023118487863883 0.7229790919430561 0.11486519984750014 0.17133209897381968
2 0.5300946227220829 0.5657627379352436 0.10857883225631966 0.16962412860909737
2 0.5867037261612147 0.7867305077868755 0.1183902433504862 0.18859233415618065
2 0.40485431411711736 0.7746811834143406 0.1071254350298613 0.1742752610179167
2 0.3881240218484023 0.6203021547289934 0.10025718597979179 0.14756729065319457
2 0.4611283768061455 0.4727017625365281 0.08931968597979179 0.14731271751493064
2 0.3920192733670137 0.2514430519554517 0.07300370174736122 0.11726154160312507
2 0.32717748299815963 0.14909799553468778 0.07289459897381949 0.11257404160312508
2 0.3582235419843747 0.3600907001318406 0.08419577488562506 0.12845361474138892
2 0.3119135460684373 0.26755705480524333 0.07903549620027786 0.10803201196784729
2 0.39607425978364574 0.07722430195545171 0.06809799620027786 0.10777743882958339
2 0.2878065116835068 0.12785812195958357 0.060067290653194584 0.0982206008736806
2 0.2101536371584721 0.13933917619614603 0.0680252610179168 0.10465243882958339
2 0.25462837614055533 0.2435552039315627 0.071295731382639 0.1109751740119445
2 0.23189808453743027 0.3133767414506252 0.08259690729444458 0.12685474715020834
2 0.2958482157119787 0.4876149816669795 0.10211062670923621 0.16010365824437506
1 0.09285638117454846 0.17491104065319454 0.07939917211208343 0.12365701196784729
2 0.047670514533298444 0.20199956430454863 0.07274912860909731 0.10632404160312507
2 0.017603767667430485 0.22389209488975698 0.03520753533486097 0.11653418977951394
2 0.026741725114374892 0.3217847342324306 0.053483450228749785 0.13731946846486115
2 0.08818118607670099 0.4765280920399654 0.10029355357097233 0.1491297906531944
2 0.11925196096232611 0.3506202086812154 0.08891964247680564 0.13012521751493064
2 0.14912260533899283 0.2762748253224654 0.07609233415618064 0.11577177678548622
2 0.20560638184013857 0.40187554378732654 0.09244468597979179 0.1473854526972918
2 0.17818728381624954 0.5388118461240279 0.08201502583555564 0.10185474715020834
2 0.1990608686380203 0.6495136099917362 0.12453114057694462 0.18405030452090293
2 0.142389375287534 0.8342327956871877 0.1278016109416668 0.1903730397032639
2 0.29936411426961723 0.9366486276591669 0.12027874525034736 0.12670274468166626
2 0.02883705442718726 0.6493285059839236 0.05767410885437452 0.14527743882958327