1 0.18984375 0.37578125 0.05078125 0.10703125
1 0.2453125 0.3484375 0.05 0.09140625
1 0.31640625 0.3671875 0.05 0.11015625
1 0.37109375 0.390625 0.04765625 0.1015625
1 0.41484375 0.36015625 0.05390625 0.11328125
1 0.4734375 0.35 0.05625 0.103125
1 0.5484375 0.321875 0.0578125 0.11796875
1 0.60859375 0.35234375 0.05390625 0.096875
1 0.65859375 0.3390625 0.0515625 0.1078125
1 0.71796875 0.34375 0.0453125 0.09609375
1 0.79375 0.3546875 0.05234375 0.09375
1 0.8609375 0.3765625 0.06171875 0.1078125
2 0.521875 0.43671875 0.0515625 0.10078125
2 0.475 0.5609375 0.05078125 0.1078125